"SUBJECT" "SEQUENCE" "DIET" "y.Bifidobacteriaceae" "y.Coriobacteriaceae" "y.Bacteroidaceae" "y.Prevotellaceae" "y.Paraprevotellaceae" "y.Lactobacillaceae" "y.Streptococcaceae" "y.Turicibacteraceae" "y.Clostridiaceae" "y.Lachnospiraceae" "y.Peptococcaceae" "y.Peptostreptococcaceae" "y.Ruminococcaceae" "y.Veillonellaceae" "y.Tissierellaceae" "y.Erysipelotrichaceae" "y.Fusobacteriaceae" "y.Alcaligenaceae" "y.Succinivibrionaceae" "y.Enterobacteriaceae" "y.OTHER"
"1" "ACB" "BASE" 7.263923e-04 1.937046e-03 3.008071e-01 5.649717e-04 1.058111e-01 1.210654e-03 2.098467e-03 1.937046e-03 3.260694e-02 5.157385e-02 3.228410e-03 7.425343e-03 2.461663e-02 1.226796e-01 7.263923e-04 4.196933e-03 2.734463e-01 2.138822e-02 2.243745e-02 6.698951e-03 1.388216e-02
"2" "ACB" "BASE" 9.685230e-04 5.657789e-02 9.717514e-02 4.035512e-04 8.870056e-02 1.291364e-03 1.210654e-03 1.775626e-03 6.230831e-02 2.158192e-01 4.600484e-03 2.171106e-02 3.179984e-02 7.288136e-02 3.551251e-03 1.364003e-02 2.607748e-01 1.057304e-02 5.084746e-03 1.113801e-02 3.801453e-02
"3" "ACB" "BASE" 6.456820e-04 1.129944e-02 1.607748e-01 3.228410e-04 7.570621e-02 2.017756e-03 1.129943e-03 2.421308e-03 1.585149e-01 1.318805e-01 1.388216e-02 2.639225e-02 1.388216e-02 3.882163e-02 1.129943e-03 3.389831e-03 2.765133e-01 4.237288e-02 3.389831e-03 1.065375e-02 2.485876e-02
"4" "ACB" "BASE" 3.228410e-04 2.421307e-03 3.748184e-01 4.842615e-04 5.657789e-02 1.372074e-03 6.456820e-04 2.986279e-03 3.349475e-02 6.690880e-02 2.986279e-03 6.456820e-03 1.121872e-02 8.740920e-02 7.263923e-04 2.744148e-03 2.154157e-01 3.696529e-02 6.690880e-02 1.178370e-02 1.735270e-02
"5" "ACB" "BASE" 3.228410e-04 2.179177e-03 3.778854e-01 7.263923e-04 1.029863e-01 1.372074e-03 8.878128e-04 4.600484e-03 3.284907e-02 6.238902e-02 4.358354e-03 7.667474e-03 1.630347e-02 8.232446e-02 2.421307e-04 2.986279e-03 2.032284e-01 3.228410e-02 3.099274e-02 1.331719e-02 2.009685e-02
"6" "ACB" "BASE" 1.049233e-03 1.694915e-03 3.700565e-01 3.228410e-04 8.983051e-02 2.259887e-03 6.456820e-04 2.582728e-03 3.405973e-02 6.069411e-02 3.793382e-03 9.846651e-03 1.832123e-02 1.415658e-01 1.533495e-03 2.663438e-03 1.484262e-01 3.809524e-02 4.342211e-02 7.263923e-03 2.187248e-02
"7" "ACB" "BASE" 3.228410e-04 2.986279e-03 2.019370e-01 4.842615e-04 4.083939e-02 4.277643e-03 5.891848e-03 4.439064e-03 4.188862e-02 9.192897e-02 8.716707e-03 1.154157e-02 3.147700e-02 1.891041e-01 8.878128e-04 8.151735e-03 2.339790e-01 1.638418e-02 4.947538e-02 1.517353e-02 4.011299e-02
"8" "ACB" "BASE" 7.263923e-04 1.646489e-02 9.572236e-02 1.614205e-04 6.053269e-02 1.129943e-03 3.551251e-03 2.017756e-03 2.448749e-01 1.495561e-01 2.154964e-02 8.377724e-02 2.518160e-02 2.703793e-02 2.130751e-02 8.635997e-03 1.654560e-01 1.428571e-02 3.228410e-03 1.226796e-02 4.253430e-02
"9" "ACB" "BASE" 6.456820e-04 6.860371e-03 1.921711e-01 8.878128e-04 8.716707e-02 4.035512e-04 6.618241e-03 2.017756e-03 6.174334e-02 7.037934e-02 7.425343e-03 2.405165e-02 1.323648e-02 4.051655e-02 1.614205e-02 7.667474e-03 3.816788e-01 3.744956e-02 5.569007e-03 7.990315e-03 2.937853e-02
"10" "ACB" "BASE" 1.129943e-03 1.420500e-02 8.135593e-02 4.035512e-04 2.445521e-02 3.470541e-03 2.502018e-03 4.761905e-03 1.691687e-01 1.615012e-01 1.170299e-02 9.967716e-02 2.066182e-02 2.348668e-02 2.582728e-02 2.316384e-02 2.355125e-01 5.278450e-02 8.071025e-03 1.251009e-02 2.364810e-02
"11" "ACB" "BASE" 7.263923e-04 2.114609e-02 4.866828e-02 1.614205e-04 4.697337e-02 8.071025e-04 2.098467e-03 2.502018e-03 1.194512e-01 1.161420e-01 2.372881e-02 9.112187e-02 2.340597e-02 1.404358e-02 5.528652e-02 2.429379e-02 2.986279e-01 2.227603e-02 1.686844e-02 6.295400e-03 6.537530e-02
"12" "ACB" "BASE" 8.071025e-04 2.663438e-03 3.345440e-01 1.372074e-03 1.347861e-01 6.456820e-04 1.614205e-03 8.716707e-03 3.527038e-02 7.167070e-02 3.712672e-03 1.049233e-02 5.125101e-02 6.989508e-02 6.456820e-04 4.761905e-03 1.637611e-01 2.566586e-02 4.277643e-02 1.355932e-02 2.138822e-02
"13" "ACB" "BASE" 7.263923e-04 2.154964e-02 5.811138e-02 3.228410e-04 6.981437e-02 8.878128e-04 1.614205e-03 2.421308e-03 1.748991e-01 1.122680e-01 2.808717e-02 1.246973e-01 1.630347e-02 1.864407e-02 4.891041e-02 9.362389e-03 2.594027e-01 1.541566e-02 3.389831e-03 9.362389e-03 2.380952e-02
"14" "ACB" "BASE" 4.035512e-04 1.815981e-02 2.075061e-01 5.649717e-04 1.945117e-02 8.878128e-04 9.685230e-04 2.421308e-03 5.552865e-02 1.863600e-01 3.672316e-02 4.180791e-02 3.728814e-02 2.994350e-02 3.551251e-03 6.779661e-03 2.799839e-01 3.599677e-02 2.582728e-03 5.246166e-03 2.784504e-02
"15" "ACB" "BASE" 6.456820e-04 1.589992e-02 9.539952e-02 1.000000e-07 7.191283e-02 6.456820e-04 3.309120e-03 2.179177e-03 1.234867e-01 1.037934e-01 2.558515e-02 1.110573e-01 1.444713e-02 1.743341e-02 6.860371e-02 2.485876e-02 2.724778e-01 2.445521e-02 3.631961e-03 3.470541e-03 1.670692e-02
"16" "ACB" "BASE" 7.263923e-04 5.569007e-02 1.469734e-01 4.035512e-04 3.970944e-02 9.685230e-04 1.452785e-03 2.905569e-03 1.090395e-01 7.199354e-02 2.098467e-02 7.990315e-02 2.259887e-02 1.815981e-02 5.730428e-03 1.033091e-02 2.410815e-01 3.922518e-02 6.093624e-02 2.380952e-02 4.737692e-02
"17" "ACB" "BASE" 6.456820e-04 3.874092e-03 2.977401e-01 8.878128e-04 1.016142e-01 1.452785e-03 3.228410e-04 6.053269e-03 5.536723e-02 1.124294e-01 1.275222e-02 1.372074e-02 2.929782e-02 8.103309e-02 2.098467e-03 7.425343e-03 1.719128e-01 2.881356e-02 2.469734e-02 2.413236e-02 2.372881e-02
"18" "ACB" "BASE" 5.649717e-04 1.162228e-02 1.481033e-01 4.842615e-04 5.536723e-02 8.878128e-04 7.263923e-04 1.937046e-03 8.393866e-02 8.490718e-02 3.551251e-03 4.866828e-02 7.828894e-03 5.004036e-03 2.017756e-03 3.470541e-03 4.435835e-01 1.226796e-02 2.687651e-02 3.946731e-02 1.872478e-02
"19" "ACB" "BASE" 9.685230e-04 1.702986e-02 6.335755e-02 3.228410e-04 7.449556e-02 2.017756e-03 2.098466e-03 2.017756e-03 1.419693e-01 1.161420e-01 1.581921e-02 1.357546e-01 8.797417e-03 9.120258e-03 5.803067e-02 1.573850e-02 2.886199e-01 1.678773e-02 7.990315e-03 5.407587e-03 1.751412e-02
"20" "ACB" "BASE" 4.842615e-04 1.670702e-02 3.200969e-01 8.878128e-04 3.115416e-02 8.878128e-04 1.129943e-03 1.614205e-03 6.803874e-02 1.050847e-01 7.506053e-03 3.430186e-02 2.526231e-02 3.599677e-02 1.452785e-03 2.098466e-03 2.453592e-01 4.108152e-02 2.526231e-02 5.165456e-03 3.042776e-02
"21" "ACB" "BASE" 3.228410e-04 3.228410e-03 2.437450e-02 1.614205e-04 8.555287e-03 1.242938e-02 1.129943e-03 6.537530e-03 9.612591e-02 3.202583e-01 7.263923e-04 1.307506e-02 1.493140e-02 7.247780e-02 8.071025e-05 2.340597e-03 3.815981e-01 2.744149e-03 1.016949e-02 1.275222e-02 1.598063e-02
"22" "ACB" "BASE" 1.614205e-04 2.421308e-03 3.713479e-01 8.071025e-05 1.276836e-01 8.071025e-05 4.035512e-04 2.824859e-03 2.009685e-02 5.213882e-02 2.744149e-03 3.954802e-03 8.232446e-03 7.659403e-02 4.842615e-04 2.259887e-03 1.894270e-01 3.801453e-02 6.125908e-02 2.857143e-02 1.121872e-02
"23" "ACB" "BASE" 2.421307e-04 1.388216e-02 1.230831e-01 8.071025e-05 3.753027e-02 3.228410e-04 6.456820e-04 2.582728e-03 1.864407e-01 1.585149e-01 9.765940e-03 1.259887e-01 2.905569e-02 2.574657e-02 2.421308e-03 1.000807e-02 2.048426e-01 3.946731e-02 3.712672e-03 3.954802e-03 2.171106e-02
"1" "ACB" "HYPO" 7.263923e-04 2.074253e-02 3.470541e-03 8.071025e-05 3.309120e-03 1.105730e-01 3.040355e-01 3.607748e-02 1.728814e-01 7.594835e-02 4.027441e-02 2.800646e-02 1.170299e-02 1.446328e-01 1.129943e-03 9.523810e-03 1.622276e-02 1.937046e-03 1.049233e-03 5.811138e-03 1.186441e-02
"2" "ACB" "HYPO" 8.878128e-04 5.302663e-02 1.597256e-01 2.421307e-04 5.988701e-02 2.050040e-02 3.631961e-03 4.681195e-03 6.464891e-02 1.439064e-01 2.744149e-02 1.888620e-02 3.414044e-02 3.769169e-02 5.649717e-04 3.551251e-03 1.774011e-01 6.077482e-02 6.004843e-02 6.537530e-03 6.182405e-02
"3" "ACB" "HYPO" 3.228410e-04 4.761905e-03 3.168684e-01 2.429379e-02 1.556901e-01 2.421308e-03 9.685230e-04 2.300242e-02 2.130751e-02 6.077482e-02 4.923325e-03 8.393866e-03 9.596449e-02 1.027441e-01 2.421307e-04 4.358354e-03 1.078289e-01 1.460856e-02 2.671509e-02 1.614205e-03 2.219532e-02
"4" "ACB" "HYPO" 8.878128e-04 1.283293e-02 1.389831e-01 4.842615e-04 1.569007e-01 2.421308e-03 9.685230e-04 2.970137e-02 8.329298e-02 1.321227e-01 2.502018e-02 2.235674e-02 3.543180e-02 4.923325e-02 7.263923e-04 5.972559e-03 2.295400e-01 3.462470e-02 1.945117e-02 2.340597e-03 1.670702e-02
"5" "ACB" "HYPO" 8.878128e-04 5.108959e-02 7.828894e-02 3.228410e-04 7.974173e-02 8.878128e-04 1.937046e-03 1.412429e-02 1.115416e-01 1.421308e-01 6.610169e-02 8.555287e-03 5.690073e-02 6.069411e-02 1.775626e-03 8.635997e-03 2.640032e-01 2.098467e-02 1.089588e-02 3.793382e-03 1.670702e-02
"6" "ACB" "HYPO" 6.456820e-04 2.267958e-02 3.470541e-03 8.071025e-05 3.954802e-03 6.133979e-03 2.129944e-01 1.041162e-02 2.213882e-01 1.633575e-01 4.713479e-02 7.506053e-02 9.927361e-03 1.409201e-01 1.694915e-03 1.008878e-02 4.221146e-02 2.582728e-03 4.761905e-03 9.523810e-03 1.097659e-02
"7" "ACB" "HYPO" 1.049233e-03 2.994350e-02 1.362389e-01 8.878128e-04 1.027441e-01 3.228410e-04 1.775626e-03 5.569007e-03 4.027441e-02 1.208232e-01 1.573850e-02 1.501211e-02 3.139629e-02 5.407587e-02 8.232446e-03 1.210654e-02 3.070218e-01 3.405973e-02 8.797417e-03 3.179984e-02 4.213075e-02
"8" "ACB" "HYPO" 1.533495e-03 4.737692e-02 1.242938e-02 1.049233e-03 1.743341e-02 2.663438e-03 1.267151e-02 3.099274e-02 1.386602e-01 2.258273e-01 3.292978e-02 1.485069e-02 2.050040e-02 2.774818e-01 1.533495e-03 1.493140e-02 1.066182e-01 4.196933e-03 3.389831e-03 1.912833e-02 1.380145e-02
"9" "ACB" "HYPO" 6.456820e-04 1.251009e-02 1.395480e-01 7.263923e-04 1.426957e-01 2.582728e-03 9.200969e-03 5.891848e-03 5.302663e-02 1.334140e-01 2.276029e-02 1.517353e-02 2.800646e-02 9.443099e-02 2.421308e-03 6.053269e-03 2.365617e-01 3.478612e-02 1.904762e-02 1.275222e-02 2.776433e-02
"10" "ACB" "HYPO" 4.923325e-03 7.691687e-02 3.631961e-02 7.263923e-04 6.037127e-02 9.281679e-03 4.326069e-02 6.359968e-02 1.185634e-01 1.686037e-01 7.288136e-02 2.453592e-02 4.979822e-02 6.755448e-02 2.179177e-03 1.727199e-02 1.295400e-01 1.016949e-02 2.179177e-03 4.923325e-03 3.640032e-02
"11" "ACB" "HYPO" 7.263923e-04 5.068604e-02 6.779661e-02 6.456820e-04 8.684423e-02 1.210654e-03 1.452785e-03 3.228410e-03 8.426150e-02 1.113801e-01 2.292171e-02 9.685230e-03 4.963680e-02 1.268765e-01 8.878128e-04 4.358354e-03 2.221953e-01 2.792575e-02 1.420500e-02 2.074253e-02 9.233253e-02
"12" "ACB" "HYPO" 1.291364e-03 1.791768e-02 1.000807e-02 2.421307e-04 2.437450e-02 4.035513e-03 1.948345e-01 2.066182e-02 1.808717e-01 7.982244e-02 8.151735e-03 1.085553e-01 8.232446e-03 1.529459e-01 2.340597e-03 8.958838e-03 8.280872e-02 4.761905e-03 1.210654e-02 6.731235e-02 9.765940e-03
"13" "ACB" "HYPO" 5.649717e-04 1.735270e-02 9.031477e-02 9.685230e-04 1.234060e-01 1.291364e-03 1.129943e-03 7.506053e-03 8.167877e-02 1.263115e-01 3.276836e-02 1.073446e-02 5.270379e-02 2.219532e-01 1.129943e-03 9.765940e-03 1.483454e-01 2.348668e-02 2.001614e-02 3.147700e-03 2.542373e-02
"14" "ACB" "HYPO" 1.210654e-03 4.261501e-02 1.161420e-01 5.649717e-04 1.010492e-01 8.878128e-04 1.291364e-03 4.035513e-03 8.280872e-02 1.445521e-01 3.631961e-02 6.698951e-03 5.552865e-02 1.368039e-01 1.210654e-03 5.165456e-03 1.913640e-01 1.654560e-02 1.121872e-02 9.604520e-03 3.438257e-02
"15" "ACB" "HYPO" 2.502018e-03 1.315577e-02 2.117837e-01 8.071025e-04 1.937046e-01 6.618241e-03 3.155771e-02 7.586764e-03 4.511703e-02 7.667474e-02 1.121872e-02 5.084746e-03 2.808717e-02 7.425343e-02 8.878128e-04 4.116223e-03 2.012107e-01 2.849072e-02 1.807910e-02 4.277643e-03 3.478612e-02
"16" "ACB" "HYPO" 4.842615e-04 1.638418e-02 1.885391e-01 1.049233e-03 1.858757e-01 1.291364e-03 2.017756e-03 2.905569e-03 4.697337e-02 7.183212e-02 7.828894e-03 8.635997e-03 4.842615e-02 9.217111e-02 1.210654e-03 3.954802e-03 1.952381e-01 3.527038e-02 4.519774e-03 3.785311e-02 4.753834e-02
"17" "ACB" "HYPO" 8.878128e-04 1.485069e-02 1.556094e-01 7.263923e-04 1.331719e-01 1.129943e-03 6.456820e-04 9.281679e-03 6.787732e-02 8.313156e-02 1.501211e-02 7.183212e-03 3.349475e-02 1.284100e-01 1.129943e-03 4.277643e-03 2.386602e-01 4.713479e-02 3.147700e-02 2.259887e-03 2.364810e-02
"18" "ACB" "HYPO" 2.421307e-04 1.678773e-02 1.434221e-01 6.456820e-04 1.234060e-01 1.694915e-03 9.685230e-04 7.183212e-03 6.335755e-02 1.002421e-01 2.510089e-02 8.958838e-03 5.383374e-02 6.666667e-02 1.210654e-03 3.389831e-03 2.887006e-01 4.261501e-02 8.716707e-03 2.631154e-02 1.654560e-02
"19" "ACB" "HYPO" 9.685230e-04 8.071025e-03 3.793382e-03 1.614205e-04 5.326877e-03 5.084746e-03 4.935432e-01 7.506053e-03 8.644068e-02 7.247780e-02 8.232446e-03 4.414851e-02 5.004036e-03 9.959645e-02 1.452785e-03 3.874092e-03 7.586764e-02 4.923325e-03 2.986279e-03 6.481033e-02 5.730428e-03
"20" "ACB" "HYPO" 1.614205e-04 1.807910e-02 6.190476e-02 4.035512e-04 9.443099e-02 2.663438e-03 8.071025e-04 3.527038e-02 1.054883e-01 1.620662e-01 4.083939e-02 1.073446e-02 5.778854e-02 1.552058e-01 1.694915e-03 1.735270e-02 1.676352e-01 1.743341e-02 9.443099e-03 2.235674e-02 1.824052e-02
"21" "ACB" "HYPO" 7.263923e-04 1.702986e-02 7.966102e-02 3.228410e-04 1.278450e-01 5.972559e-03 2.703793e-02 6.327684e-02 8.958838e-02 1.760291e-01 2.251816e-02 1.202583e-02 2.300242e-02 6.158192e-02 1.049233e-03 9.523810e-03 2.364810e-01 2.485876e-02 4.277643e-03 6.133979e-03 1.105730e-02
"22" "ACB" "HYPO" 6.456820e-04 1.856336e-02 1.380952e-01 8.071025e-05 1.074253e-01 4.842615e-04 3.631961e-03 2.179177e-03 8.175948e-02 1.092010e-01 3.010492e-02 3.147700e-03 2.518160e-02 1.019370e-01 4.035512e-04 4.277643e-03 2.910412e-01 4.802260e-02 1.735270e-02 5.165456e-03 1.129944e-02
"23" "ACB" "HYPO" 8.071025e-05 1.630347e-02 1.248588e-01 1.614205e-04 1.227603e-01 1.000000e-07 2.744149e-03 2.340597e-03 7.643261e-02 9.911219e-02 3.244552e-02 4.196933e-03 2.792575e-02 9.112187e-02 2.421307e-04 4.681195e-03 3.108959e-01 5.383374e-02 1.291364e-02 6.133979e-03 1.081507e-02
"1" "ACB" "WASHOUT" 2.098467e-03 1.275222e-02 1.041162e-02 3.228410e-04 3.728814e-02 2.663438e-03 1.291364e-03 2.986279e-03 1.313963e-01 1.043584e-01 3.753027e-02 1.163035e-01 8.393866e-03 1.670702e-02 8.587571e-02 2.970137e-02 3.484262e-01 1.307506e-02 1.291364e-03 1.888620e-02 1.824052e-02
"2" "ACB" "WASHOUT" 1.614205e-03 1.355932e-02 1.945117e-02 1.614205e-04 3.107345e-02 2.502018e-03 5.811138e-03 1.856336e-03 1.391445e-01 8.167877e-02 2.445521e-02 1.142857e-01 9.120258e-03 1.210654e-02 3.228410e-02 2.179177e-02 4.122680e-01 2.429379e-02 2.744149e-03 3.365617e-02 1.614205e-02
"3" "ACB" "WASHOUT" 1.049233e-03 6.214689e-03 1.775626e-02 1.000000e-07 1.129944e-02 2.582728e-03 7.263923e-04 3.147700e-03 1.969330e-01 6.077482e-02 6.618241e-03 8.886199e-02 5.569007e-03 4.035513e-03 5.811138e-03 9.604520e-03 4.795803e-01 7.425343e-03 1.614205e-03 7.659403e-02 1.380135e-02
"4" "ACB" "WASHOUT" 7.263923e-04 2.744149e-03 3.066990e-02 2.421307e-04 1.178370e-02 3.066990e-03 8.878128e-04 2.259887e-03 6.093624e-02 5.036320e-02 1.856336e-03 2.623083e-02 6.860371e-03 2.679580e-02 3.147700e-03 4.116223e-03 7.271186e-01 4.923325e-03 3.470541e-03 2.098467e-02 1.081517e-02
"5" "ACB" "WASHOUT" 1.856336e-03 3.389831e-03 7.796610e-02 2.421307e-04 1.775626e-02 2.986279e-03 8.071025e-04 2.284100e-02 1.645682e-01 1.242131e-01 2.905569e-03 9.515738e-02 1.234867e-02 3.389831e-03 1.533495e-02 3.551251e-03 3.160613e-01 8.232446e-03 5.407587e-03 9.564165e-02 2.534302e-02
"6" "ACB" "WASHOUT" 1.251009e-02 1.614205e-02 1.142050e-01 2.477805e-02 4.447135e-02 2.502018e-03 1.226796e-02 1.775626e-03 8.587571e-02 8.079096e-02 8.393866e-03 5.552865e-02 1.033091e-02 6.214689e-02 6.900726e-02 7.425343e-03 2.764326e-01 2.389023e-02 4.761905e-02 3.414044e-02 9.765940e-03
"7" "ACB" "WASHOUT" 8.071025e-04 1.775626e-03 2.340597e-03 4.842615e-04 2.017756e-03 5.649717e-04 1.291364e-03 2.098467e-03 1.627119e-01 1.420500e-02 1.210654e-03 4.729621e-02 2.259887e-03 3.228410e-03 3.793382e-03 2.179177e-03 3.673123e-01 5.246166e-03 4.196933e-03 3.447135e-01 3.026634e-02
"8" "ACB" "WASHOUT" 1.694915e-03 1.824052e-02 8.224374e-02 1.049233e-03 4.923325e-02 6.456820e-04 2.098466e-03 2.098467e-03 5.891848e-02 6.779661e-02 1.775626e-02 4.342211e-02 6.698951e-03 4.955609e-02 1.912833e-02 1.856336e-02 4.187248e-01 7.578692e-02 3.389831e-03 3.244552e-02 3.050847e-02
"9" "ACB" "WASHOUT" 4.439064e-03 1.485069e-02 4.600484e-03 4.035512e-04 3.712672e-03 5.488297e-03 1.347861e-02 5.569007e-03 1.148507e-01 4.180791e-02 3.631961e-03 2.027441e-01 2.179177e-03 4.923325e-03 1.428571e-02 7.263923e-03 4.351090e-01 6.214689e-03 2.421307e-03 6.876513e-02 4.326069e-02
"10" "ACB" "WASHOUT" 5.407587e-03 1.291364e-02 5.246166e-03 8.071025e-05 1.452785e-03 1.129943e-03 7.506053e-03 1.614205e-03 1.514931e-01 2.130751e-02 1.291364e-03 5.238095e-02 1.937046e-03 3.954802e-03 1.614205e-03 1.436642e-02 5.203390e-01 9.039548e-03 2.986279e-03 1.507667e-01 3.317191e-02
"11" "ACB" "WASHOUT" 4.842615e-04 4.939467e-02 5.326877e-02 4.842615e-04 3.882163e-02 1.049233e-03 1.372074e-03 1.291364e-03 1.862793e-01 2.744956e-01 1.234867e-02 1.541566e-02 1.791768e-02 1.638418e-02 2.421308e-03 5.407587e-03 1.556901e-01 7.586764e-03 9.846651e-03 1.031477e-01 4.689266e-02
"12" "ACB" "WASHOUT" 8.071025e-04 1.331719e-02 1.528652e-01 4.035512e-04 7.933818e-02 7.263923e-04 9.685230e-04 1.614205e-03 1.041969e-01 1.464084e-01 4.761905e-03 1.049233e-02 2.679580e-02 3.527038e-02 9.685230e-04 2.098466e-03 2.083939e-01 2.574657e-02 4.552058e-02 9.370460e-02 4.560129e-02
"13" "ACB" "WASHOUT" 7.263923e-04 7.506053e-03 2.259887e-03 1.614205e-04 1.856336e-03 1.049233e-03 1.049233e-03 2.340597e-03 5.594027e-01 7.094431e-02 4.439064e-03 2.058111e-01 4.600484e-03 3.712672e-03 9.846651e-03 3.599677e-02 6.432607e-02 3.631961e-03 1.291364e-03 9.362389e-03 9.685230e-03
"14" "ACB" "WASHOUT" 4.842615e-04 7.748184e-03 4.923325e-03 2.421307e-04 8.071025e-04 2.986279e-03 2.744148e-03 2.986279e-03 1.470541e-01 8.716707e-03 2.017756e-03 1.530266e-01 2.340597e-03 3.874092e-03 1.928168e-01 4.600484e-03 4.289750e-01 3.228410e-03 7.263923e-04 1.735270e-02 1.234867e-02
"15" "ACB" "WASHOUT" 3.631961e-03 4.277643e-02 2.502018e-03 3.228410e-04 3.228410e-03 9.443099e-03 3.389831e-03 2.179177e-03 1.698144e-01 6.529459e-02 3.664245e-02 2.696529e-01 2.824859e-03 3.874092e-03 3.317998e-01 2.663438e-03 4.019370e-02 1.372074e-03 4.842615e-04 1.856336e-03 6.053269e-03
"16" "ACB" "WASHOUT" 6.456820e-04 1.912833e-02 2.098467e-03 1.000000e-07 1.049233e-03 2.421308e-03 3.228410e-03 2.824859e-03 4.836158e-01 6.489104e-02 1.331719e-02 1.949960e-01 2.905569e-03 4.439064e-03 6.416465e-02 2.889427e-02 8.038741e-02 2.340597e-03 9.685230e-04 1.444713e-02 1.323638e-02
"17" "ACB" "WASHOUT" 8.071025e-04 8.151735e-03 1.888620e-02 1.614205e-04 6.941082e-03 1.614205e-03 3.066990e-03 4.519774e-03 4.336562e-01 7.239709e-02 3.470541e-03 2.155771e-01 5.246166e-03 4.923325e-03 9.200969e-03 7.828894e-03 1.016142e-01 1.081517e-02 3.874092e-03 6.957224e-02 1.767554e-02
"18" "ACB" "WASHOUT" 1.210654e-03 5.246166e-02 3.228410e-02 1.614205e-04 1.234867e-02 1.049233e-03 1.614205e-03 2.017756e-03 2.472155e-01 3.751412e-01 2.211461e-02 1.501211e-02 1.791768e-02 4.971751e-02 2.340597e-03 4.519774e-03 6.238902e-02 1.049233e-02 2.590799e-02 4.729621e-02 1.678773e-02
"19" "ACB" "WASHOUT" 6.456820e-04 1.993543e-02 5.722357e-02 2.421307e-04 4.899112e-02 1.533495e-03 6.456820e-03 1.775626e-03 1.548830e-01 1.234867e-01 1.041162e-02 5.076675e-02 5.730428e-03 3.599677e-02 3.276836e-02 4.681195e-03 3.707022e-01 1.194512e-02 5.004036e-03 4.737692e-02 9.443099e-03
"20" "ACB" "WASHOUT" 2.421307e-04 1.904762e-02 5.488297e-03 8.071025e-05 2.655367e-02 6.456820e-04 1.049233e-03 1.129943e-03 2.452785e-01 1.536723e-01 2.994350e-02 1.379338e-01 2.502018e-03 3.922518e-02 1.840194e-02 2.671509e-02 2.635190e-01 5.811138e-03 1.129943e-03 9.927361e-03 1.170299e-02
"21" "ACB" "WASHOUT" 9.685230e-04 3.712672e-02 3.309120e-03 2.421307e-04 3.551251e-03 4.035512e-04 1.372074e-03 1.291364e-03 3.997579e-01 1.333333e-01 3.591606e-02 1.085553e-01 4.277643e-03 2.663438e-03 5.141243e-02 2.623083e-02 1.598063e-01 1.694915e-03 5.649717e-04 7.828894e-03 1.969330e-02
"22" "ACB" "WASHOUT" 4.842615e-04 1.025020e-02 8.878128e-04 8.071025e-05 1.129943e-03 9.685230e-04 2.421307e-03 7.263923e-04 2.245359e-01 1.033091e-02 1.049233e-03 2.782082e-01 7.263923e-04 2.098466e-03 3.107345e-01 6.779661e-03 1.298628e-01 7.263923e-04 8.071025e-04 2.340597e-03 1.485069e-02
"23" "ACB" "WASHOUT" 6.456820e-04 3.930589e-02 5.117030e-02 8.071025e-05 2.502018e-02 1.210654e-03 2.663438e-03 9.685230e-04 3.163035e-01 1.979015e-01 1.065375e-02 2.017756e-02 1.267151e-02 8.635997e-03 1.452785e-03 2.582728e-03 1.623890e-01 5.004036e-03 1.105730e-02 7.925747e-02 5.084746e-02
"1" "ACB" "FIBRE" 1.291364e-03 1.396287e-02 1.969330e-02 2.259887e-02 3.567393e-02 3.793382e-03 1.129943e-03 1.742534e-01 1.543180e-01 1.897498e-01 1.380145e-02 1.549637e-02 6.012914e-02 1.907183e-01 8.878128e-04 2.857143e-02 3.083132e-02 3.712672e-03 1.856336e-02 1.291364e-03 1.953188e-02
"2" "ACB" "FIBRE" 1.104116e-01 1.323648e-02 3.712672e-02 9.959645e-02 2.502018e-02 8.595642e-02 8.232446e-03 1.508475e-01 9.991929e-02 1.400323e-01 7.183212e-03 3.979015e-02 2.300242e-02 6.376110e-02 1.533495e-03 1.912833e-02 2.663438e-02 1.686844e-02 5.326877e-03 9.765940e-03 1.662631e-02
"3" "ACB" "FIBRE" 1.380145e-01 1.226796e-02 6.392252e-02 5.657789e-02 5.577078e-02 3.386602e-01 4.842615e-03 5.512510e-02 5.932203e-02 7.344633e-02 4.277643e-03 2.550444e-02 1.501211e-02 2.493947e-02 4.842615e-04 1.242938e-02 1.251009e-02 2.429379e-02 3.066990e-03 1.937046e-03 1.759483e-02
"4" "ACB" "FIBRE" 1.942696e-01 1.646489e-02 2.663438e-03 1.081517e-02 3.793382e-03 5.343019e-02 2.986279e-03 2.237288e-01 1.105730e-01 1.223567e-01 5.165456e-03 2.340597e-02 1.727199e-02 5.165456e-02 8.878128e-04 3.793382e-02 9.765940e-03 8.361582e-02 3.874092e-03 1.242938e-02 1.291364e-02
"5" "ACB" "FIBRE" 9.257466e-02 1.194512e-02 2.074253e-02 3.018563e-02 3.744956e-02 2.963680e-01 7.263923e-03 6.069411e-02 4.979822e-02 1.323648e-01 7.425343e-03 3.292978e-02 3.970944e-02 3.841808e-02 1.129943e-03 1.840194e-02 1.525424e-02 6.892655e-02 2.421308e-03 3.551251e-03 3.244552e-02
"6" "ACB" "FIBRE" 2.276029e-02 8.635997e-03 1.046812e-01 2.953995e-02 5.932203e-02 3.866021e-02 4.681195e-03 1.383374e-01 6.997579e-02 1.539952e-01 1.549637e-02 1.178370e-02 6.400323e-02 1.646489e-02 1.372074e-03 1.267151e-02 4.495561e-02 2.171106e-02 1.920904e-02 7.764326e-02 8.410008e-02
"7" "ACB" "FIBRE" 1.372074e-03 1.711057e-02 2.267958e-02 2.074253e-02 3.034705e-02 3.147700e-03 1.452785e-03 1.460048e-01 1.545601e-01 2.073446e-01 1.694915e-02 1.767554e-02 5.375303e-02 1.920097e-01 1.937046e-03 2.590799e-02 3.809524e-02 3.147700e-03 1.775626e-02 2.502018e-03 2.550444e-02
"8" "ACB" "FIBRE" 8.143664e-02 1.000807e-02 6.828087e-02 4.471348e-02 3.688458e-02 1.004036e-01 4.180791e-02 2.832930e-02 6.715093e-02 9.507667e-02 9.523810e-03 1.953188e-02 3.833737e-02 4.132365e-02 6.456820e-04 3.163842e-02 1.252623e-01 1.095238e-01 5.165456e-03 2.502018e-02 1.993543e-02
"9" "ACB" "FIBRE" 4.439064e-02 1.396287e-02 1.332526e-01 2.526231e-02 1.029863e-01 1.638418e-02 2.986279e-02 5.157385e-02 7.481840e-02 1.200161e-01 4.439064e-03 2.001614e-02 5.351090e-02 5.456013e-02 1.452785e-03 1.339790e-02 9.661017e-02 3.962873e-02 6.594027e-02 1.589992e-02 2.203390e-02
"10" "ACB" "FIBRE" 1.564972e-01 1.727199e-02 9.410815e-02 7.748184e-02 4.576271e-02 1.205004e-01 9.765940e-03 3.414044e-02 6.844229e-02 9.330105e-02 1.041162e-02 1.533495e-02 5.278450e-02 5.536723e-02 1.210654e-03 2.429379e-02 2.590799e-02 6.577885e-02 4.196933e-03 3.874092e-03 2.356739e-02
"11" "ACB" "FIBRE" 1.129943e-03 1.646489e-02 5.682002e-02 3.228410e-02 5.052462e-02 2.259887e-03 9.685230e-04 9.386602e-02 1.105730e-01 1.525424e-01 6.537530e-03 3.099274e-02 1.969330e-02 3.021792e-01 1.452785e-03 1.606134e-02 7.239709e-02 5.084746e-03 1.380145e-02 2.259887e-03 1.210654e-02
"12" "ACB" "FIBRE" 9.774011e-02 1.218725e-02 1.045198e-01 7.933818e-02 8.256659e-02 3.761098e-02 8.474576e-03 6.287328e-02 3.583535e-02 8.773204e-02 5.972559e-03 1.299435e-02 3.430186e-02 3.559322e-02 1.049233e-03 2.259887e-02 1.369653e-01 9.975787e-02 3.147700e-03 2.025827e-02 1.848265e-02
"13" "ACB" "FIBRE" 2.317191e-01 1.202583e-02 2.824859e-03 1.049233e-03 3.147700e-03 5.786925e-02 7.836965e-02 6.416465e-02 8.627926e-02 1.402744e-01 1.162228e-02 2.477805e-02 2.267958e-02 5.246166e-02 1.372074e-03 5.221953e-02 4.051655e-02 4.600484e-02 2.663438e-03 5.714286e-02 1.081517e-02
"14" "ACB" "FIBRE" 9.685230e-04 1.501211e-02 4.810331e-02 3.309120e-02 4.552058e-02 2.824859e-03 2.421308e-03 6.085553e-02 7.998386e-02 1.000000e-01 7.748184e-03 5.649718e-03 5.036320e-02 5.730428e-02 8.878128e-04 3.857950e-02 7.223567e-02 9.200969e-03 1.347861e-02 3.409201e-01 1.485069e-02
"15" "ACB" "FIBRE" 1.049233e-03 1.743341e-02 2.267958e-02 1.100081e-01 4.971751e-02 1.694915e-03 1.452785e-03 6.029056e-02 7.554479e-02 1.385795e-01 9.281679e-03 9.604520e-03 4.196933e-02 2.100888e-01 1.291364e-03 1.783697e-02 1.896691e-02 6.618241e-03 9.039548e-03 1.769976e-01 1.985472e-02
"16" "ACB" "FIBRE" 9.685230e-04 1.501211e-02 8.022599e-02 7.627119e-02 6.585956e-02 2.421308e-03 8.878128e-04 6.771590e-02 1.202583e-01 1.183212e-01 5.165456e-03 3.938660e-02 7.110573e-02 2.058111e-01 1.775626e-03 1.460856e-02 7.102502e-02 1.016949e-02 1.178370e-02 1.856336e-03 1.937046e-02
"17" "ACB" "FIBRE" 5.649717e-04 1.638418e-02 5.569007e-02 7.917676e-02 4.059726e-02 2.905569e-03 6.456820e-04 7.538337e-02 4.317998e-02 1.403551e-01 1.000807e-02 1.702986e-02 1.421308e-01 2.778854e-01 2.017756e-03 1.541566e-02 3.204197e-02 4.519774e-03 1.896691e-02 2.502018e-03 2.259887e-02
"18" "ACB" "FIBRE" 1.937046e-03 1.372074e-02 2.800646e-02 2.340597e-03 1.549637e-02 2.041969e-02 4.003228e-02 1.485069e-01 1.680387e-01 1.309120e-01 3.309120e-03 3.761098e-02 4.083939e-02 2.325262e-01 1.372074e-03 2.397094e-02 2.017756e-02 5.972559e-03 2.913640e-02 2.050040e-02 1.517353e-02
"19" "ACB" "FIBRE" 1.335755e-01 2.074253e-02 3.688458e-02 7.828894e-03 3.422115e-02 4.221146e-02 3.325262e-02 8.280872e-02 7.062147e-02 1.746570e-01 1.468927e-02 3.462470e-02 4.971751e-02 5.367232e-02 2.017756e-03 2.832930e-02 7.433414e-02 7.021792e-02 3.228410e-03 9.523810e-03 2.284100e-02
"20" "ACB" "FIBRE" 2.328491e-01 1.025020e-02 3.228410e-03 2.340597e-03 2.179177e-03 9.943503e-02 7.344633e-03 1.209847e-01 7.974173e-02 9.257466e-02 5.326877e-03 2.929782e-02 7.909605e-03 4.309927e-02 1.533495e-03 6.045198e-02 8.627926e-02 9.491525e-02 2.340597e-03 7.263923e-03 1.065375e-02
"21" "ACB" "FIBRE" 4.681195e-03 8.878128e-03 8.684423e-02 5.205811e-02 5.625504e-02 7.239709e-02 2.744149e-03 3.785311e-02 3.898305e-02 7.691687e-02 4.116223e-03 1.033091e-02 3.510896e-02 5.052462e-02 1.614205e-03 5.891848e-03 3.535109e-02 2.687651e-02 1.162228e-02 3.683616e-01 1.259080e-02
"22" "ACB" "FIBRE" 6.803874e-02 9.927361e-03 1.380145e-02 2.502018e-03 1.436642e-02 1.029863e-01 1.385795e-01 1.070218e-01 9.386602e-02 9.531881e-02 6.053269e-03 5.318805e-02 2.453592e-02 6.376110e-02 1.694915e-03 3.599677e-02 7.707829e-02 3.898305e-02 1.937046e-03 3.785311e-02 1.251009e-02
"23" "ACB" "FIBRE" 1.774818e-01 2.978208e-02 2.582728e-03 1.614205e-04 1.533495e-03 1.388216e-02 3.938660e-02 2.052462e-01 8.748991e-02 1.697337e-01 2.784504e-02 2.768362e-02 1.404358e-02 1.452785e-02 4.035512e-04 4.148507e-02 6.029056e-02 4.568200e-02 1.694915e-03 1.686844e-02 2.219532e-02
"24" "BCA" "BASE" 1.614205e-04 4.681195e-03 2.815174e-01 2.179177e-03 9.160613e-02 2.179177e-03 1.775626e-03 3.551251e-03 4.019370e-02 1.115416e-01 1.105730e-02 7.828894e-03 5.472155e-02 8.902341e-02 1.775626e-03 5.891848e-03 2.037934e-01 2.518160e-02 2.542373e-02 7.828894e-03 2.808717e-02
"25" "BCA" "BASE" 6.456820e-04 7.021792e-03 2.862793e-01 6.618241e-03 9.983858e-02 2.259887e-03 1.533495e-03 4.600484e-03 2.760291e-02 1.164649e-01 1.662631e-02 9.281679e-03 6.142050e-02 1.061340e-01 7.263923e-04 1.267151e-02 1.448749e-01 3.833737e-02 8.151735e-03 1.049233e-02 3.841808e-02
"26" "BCA" "BASE" 1.049233e-03 1.242938e-02 1.638418e-02 4.842615e-04 5.004036e-02 1.533495e-03 3.066990e-03 2.179177e-03 1.860371e-01 1.346247e-01 2.921711e-02 1.139629e-01 1.436642e-02 8.797417e-03 9.418886e-02 2.179177e-02 2.728814e-01 1.251009e-02 7.263923e-04 1.372074e-03 2.235674e-02
"27" "BCA" "BASE" 4.035512e-04 5.407587e-03 2.980630e-01 5.649717e-04 1.583535e-01 1.129943e-03 5.649717e-04 1.694915e-03 2.776433e-02 7.796610e-02 4.681195e-03 4.842615e-03 1.630347e-02 1.102502e-01 3.147700e-03 3.631961e-03 1.953995e-01 2.130751e-02 4.842615e-02 1.856336e-03 1.824052e-02
"28" "BCA" "BASE" 8.071025e-04 6.295400e-03 2.259080e-01 8.474576e-03 1.086360e-01 2.824859e-03 4.285714e-02 2.824859e-03 3.268765e-02 1.061340e-01 7.586764e-03 2.114609e-02 3.260694e-02 1.441485e-01 1.533495e-03 6.860371e-03 1.857950e-01 1.985472e-02 1.598063e-02 8.151735e-03 1.888620e-02
"29" "BCA" "BASE" 6.456820e-04 3.874092e-03 3.286521e-01 9.685230e-04 1.151735e-01 9.685230e-04 1.372074e-03 7.990315e-03 2.824859e-02 7.134786e-02 3.631961e-03 4.116223e-03 4.132365e-02 1.029863e-01 1.049233e-03 6.537530e-03 1.987893e-01 2.841001e-02 3.010492e-02 2.905569e-03 2.090395e-02
"30" "BCA" "BASE" 8.878128e-04 1.598063e-02 1.769169e-01 3.954802e-03 1.051655e-01 1.694915e-03 3.890234e-02 3.228410e-03 8.264730e-02 1.326069e-01 1.969330e-02 2.945924e-02 2.138822e-02 9.636804e-02 2.824859e-03 1.380145e-02 1.889427e-01 2.066182e-02 1.622276e-02 9.443099e-03 1.920904e-02
"31" "BCA" "BASE" 1.129943e-03 3.147700e-03 2.760291e-01 8.878128e-04 1.294592e-01 6.537530e-03 1.533495e-03 2.421308e-03 2.881356e-02 7.150928e-02 7.102502e-03 3.309120e-03 6.755448e-02 8.353511e-02 4.842615e-04 3.954802e-03 2.374496e-01 2.695722e-02 1.815981e-02 6.860371e-03 2.316384e-02
"32" "BCA" "BASE" 8.878128e-04 3.147700e-03 2.871671e-01 5.811138e-03 1.190476e-01 7.263923e-04 4.035512e-04 5.246166e-03 3.688458e-02 8.280872e-02 6.456820e-03 1.008878e-02 4.358354e-02 1.099274e-01 1.049233e-03 3.551251e-03 2.146086e-01 2.824859e-02 1.242938e-02 6.456820e-03 2.146893e-02
"33" "BCA" "BASE" 1.937046e-03 2.082324e-02 1.824052e-02 1.614205e-04 2.356739e-02 1.291364e-03 3.874092e-03 2.663438e-03 2.625504e-01 1.687651e-01 2.356739e-02 1.201776e-01 1.388216e-02 6.941082e-03 7.836965e-02 1.622276e-02 1.995964e-01 3.228410e-03 3.066990e-03 1.380145e-02 1.727199e-02
"34" "BCA" "BASE" 4.842615e-04 2.986279e-03 3.031477e-01 8.151735e-03 1.442292e-01 6.456820e-04 4.681195e-03 3.954802e-03 2.873285e-02 9.749798e-02 1.331719e-02 1.339790e-02 3.559322e-02 6.884584e-02 1.049233e-03 5.972559e-03 1.828087e-01 3.252623e-02 2.469734e-02 4.923325e-03 2.235674e-02
"35" "BCA" "BASE" 4.035512e-04 5.165456e-03 2.860371e-01 1.775626e-03 1.029056e-01 8.878128e-04 8.071025e-04 2.259887e-03 2.671509e-02 9.895077e-02 1.275222e-02 7.828894e-03 4.132365e-02 1.094431e-01 1.129943e-03 6.537530e-03 2.130751e-01 2.582728e-02 1.541566e-02 9.604520e-03 3.115416e-02
"36" "BCA" "BASE" 4.035512e-04 6.295400e-03 2.180791e-01 4.277643e-03 1.323648e-01 2.421308e-03 2.744149e-03 8.474576e-03 3.430186e-02 9.967716e-02 6.618241e-03 1.315577e-02 3.914447e-02 1.182405e-01 1.210654e-03 5.488297e-03 2.163842e-01 2.711864e-02 4.430993e-02 3.470541e-03 1.581921e-02
"37" "BCA" "BASE" 1.533495e-03 5.084746e-03 2.273608e-01 3.954802e-03 1.129136e-01 3.228410e-03 1.476998e-02 1.000807e-02 4.406780e-02 1.233253e-01 1.581921e-02 1.170299e-02 2.558515e-02 3.228410e-02 1.291364e-03 1.751412e-02 2.459241e-01 4.786118e-02 1.686844e-02 2.219532e-02 1.670702e-02
"38" "BCA" "BASE" 4.842615e-04 1.097659e-02 6.392252e-02 4.842615e-04 1.310734e-01 1.372074e-03 6.456820e-04 4.600484e-03 6.206618e-02 9.354318e-02 6.214689e-03 1.170299e-02 2.445521e-02 2.594835e-01 1.049233e-03 8.313156e-03 2.631154e-01 5.246166e-03 2.566586e-02 1.251009e-02 1.307506e-02
"39" "BCA" "BASE" 5.649717e-04 4.842615e-03 2.142050e-01 7.263923e-04 9.677159e-02 7.183212e-03 1.283293e-02 2.171106e-02 3.155771e-02 1.124294e-01 8.797417e-03 1.113801e-02 2.800646e-02 1.297014e-01 1.856336e-03 1.226796e-02 2.348668e-01 2.130751e-02 1.065375e-02 2.485876e-02 1.372074e-02
"40" "BCA" "BASE" 2.421307e-04 3.470541e-03 2.621469e-01 2.421307e-04 5.746570e-02 7.263923e-04 1.049233e-03 2.663438e-03 8.369653e-02 8.393866e-02 1.129944e-02 7.836965e-02 2.041969e-02 4.527845e-02 1.210654e-02 7.102502e-03 2.616626e-01 3.107345e-02 1.000807e-02 1.937046e-03 2.510089e-02
"41" "BCA" "BASE" 3.228410e-04 8.313156e-03 9.975787e-02 1.614205e-04 5.125101e-02 3.228410e-04 8.071025e-04 7.263923e-04 1.145278e-01 1.260694e-01 1.743341e-02 7.465698e-02 2.437450e-02 2.655367e-02 4.229217e-02 3.309120e-03 3.010492e-01 1.525424e-02 1.202583e-02 5.649718e-03 7.514124e-02
"42" "BCA" "BASE" 1.614205e-04 1.937046e-03 2.335755e-01 2.421308e-03 7.336562e-02 1.372074e-03 1.000807e-02 5.891848e-03 2.558515e-02 1.357546e-01 8.958838e-03 6.214689e-03 3.502825e-02 9.564165e-02 5.649717e-04 3.631961e-03 3.034705e-01 1.824052e-02 1.735270e-02 5.569007e-03 1.525424e-02
"43" "BCA" "BASE" 4.035512e-04 1.291364e-03 2.865214e-01 8.071025e-05 1.505246e-01 1.138015e-02 7.263923e-04 7.425343e-03 2.235674e-02 1.130751e-01 2.824859e-03 4.681195e-03 7.021792e-02 8.272801e-02 1.614205e-04 6.698951e-03 1.726392e-01 1.702986e-02 2.372881e-02 4.600484e-03 2.090395e-02
"44" "BCA" "BASE" 1.614205e-04 7.909605e-03 1.874899e-01 1.533495e-03 1.088781e-01 7.263923e-04 1.372074e-03 2.824859e-03 4.051655e-02 1.238902e-01 3.680387e-02 6.941082e-03 2.615012e-02 1.452785e-01 4.842615e-04 1.509282e-02 2.383374e-01 1.985472e-02 1.033091e-02 6.133979e-03 1.928975e-02
"24" "BCA" "FIBRE" 4.035512e-04 1.444713e-02 1.069411e-01 4.519774e-03 9.636804e-02 3.712672e-03 1.129943e-03 3.874092e-02 5.641646e-02 1.796610e-01 1.541566e-02 1.840194e-02 1.112994e-01 1.722357e-01 1.049233e-03 1.735270e-02 9.725585e-02 5.004036e-03 2.389023e-02 2.017756e-03 3.373688e-02
"25" "BCA" "FIBRE" 7.263923e-04 4.358354e-03 2.251009e-01 2.187248e-02 1.564972e-01 2.098467e-03 2.421307e-04 2.050040e-02 2.873285e-02 1.036320e-01 4.358354e-03 5.246166e-03 8.918483e-02 1.552865e-01 6.456820e-04 4.439064e-03 1.119451e-01 1.977401e-02 2.590799e-02 2.017756e-03 1.743341e-02
"26" "BCA" "FIBRE" 2.017756e-03 2.421307e-03 1.908797e-01 1.735270e-02 7.853107e-02 5.972559e-02 2.663438e-03 1.598063e-02 3.083132e-02 1.177563e-01 5.972559e-03 4.761905e-03 7.271994e-02 8.942696e-02 4.035512e-04 3.147700e-03 1.486683e-01 2.106538e-02 1.065375e-01 3.228410e-03 2.590799e-02
"27" "BCA" "FIBRE" 1.372074e-03 1.404358e-02 6.569814e-02 2.719935e-02 3.075061e-02 2.259887e-03 2.259887e-03 8.700565e-02 7.263923e-02 2.178370e-01 8.716707e-03 1.759483e-02 6.941082e-02 2.001614e-01 1.775626e-03 3.567393e-02 9.757869e-02 5.084746e-03 1.509282e-02 4.196933e-03 2.364810e-02
"28" "BCA" "FIBRE" 5.649717e-04 1.355932e-02 8.531073e-02 2.389023e-02 4.285714e-02 1.856336e-03 2.421308e-03 2.623083e-02 1.101695e-01 2.528652e-01 1.468927e-02 1.783697e-02 4.229217e-02 1.311542e-01 1.775626e-03 9.039548e-03 1.320420e-01 9.765940e-03 3.543180e-02 6.295400e-03 3.995157e-02
"29" "BCA" "FIBRE" 1.372074e-03 1.299435e-02 1.763519e-01 5.649717e-04 2.897498e-02 1.049233e-03 1.291364e-03 2.413236e-02 8.385795e-02 1.535916e-01 3.470541e-03 1.291364e-02 7.304278e-02 9.087974e-02 1.372074e-03 9.846651e-03 1.922518e-01 3.438257e-02 6.933010e-02 3.712672e-03 2.461663e-02
"30" "BCA" "FIBRE" 6.456820e-04 4.035513e-03 1.884584e-01 6.456820e-04 1.362389e-01 1.452785e-03 1.775626e-03 1.129944e-02 1.074253e-01 1.022599e-01 4.761905e-03 3.325262e-02 7.497982e-02 1.164649e-01 8.071025e-04 8.393866e-03 1.434221e-01 2.865214e-02 1.670702e-02 4.842615e-03 1.347861e-02
"31" "BCA" "FIBRE" 1.049233e-03 1.533495e-02 1.226796e-02 5.811138e-03 4.761905e-03 9.523810e-03 8.151735e-03 6.182405e-02 6.279257e-02 1.619855e-01 1.896691e-02 3.373688e-02 7.167070e-02 1.822437e-01 1.856336e-03 4.963680e-02 2.221146e-01 1.549637e-02 4.681195e-03 3.212268e-02 2.397094e-02
"32" "BCA" "FIBRE" 7.263923e-04 7.828894e-03 2.185634e-01 1.775626e-02 1.143664e-01 1.210654e-03 1.856336e-03 1.138015e-02 3.454399e-02 7.925747e-02 7.506053e-03 5.569007e-03 3.801453e-02 2.079096e-01 1.049233e-03 2.744148e-03 1.807103e-01 2.219532e-02 1.541566e-02 9.765940e-03 2.163035e-02
"33" "BCA" "FIBRE" 1.452785e-03 1.541566e-02 1.253430e-01 1.541566e-02 7.417272e-02 2.663438e-03 1.856336e-03 8.813559e-02 6.836158e-02 1.927361e-01 5.407587e-03 9.846651e-03 7.441485e-02 1.761905e-01 7.263923e-04 3.050847e-02 5.819209e-02 1.275222e-02 2.171106e-02 3.631961e-03 2.106538e-02
"34" "BCA" "FIBRE" 4.842615e-04 1.041162e-02 9.661017e-02 4.761905e-03 6.101695e-02 3.147700e-03 9.685230e-04 3.212268e-02 6.892655e-02 1.953995e-01 5.004036e-03 1.226796e-02 1.036320e-01 1.739306e-01 1.291364e-03 2.728006e-02 1.373688e-01 1.089588e-02 2.623083e-02 2.340597e-03 2.590799e-02
"35" "BCA" "FIBRE" 4.842615e-04 1.065375e-02 7.723971e-02 5.625504e-02 7.594835e-02 1.694915e-03 1.291364e-03 2.227603e-02 4.681195e-02 6.069411e-02 2.502018e-03 9.362389e-03 1.267151e-02 4.576271e-01 1.694915e-03 8.393866e-03 5.786925e-02 5.891848e-03 8.232446e-02 3.631961e-03 4.681194e-03
"36" "BCA" "FIBRE" 5.649717e-04 1.033091e-02 3.793382e-02 7.263923e-04 4.511703e-02 2.663438e-03 2.615012e-02 3.825666e-02 2.017756e-01 7.732042e-02 1.856336e-03 3.333333e-02 2.437450e-02 1.287328e-01 1.452785e-03 1.444713e-02 2.184826e-01 1.162228e-02 7.974173e-02 3.857950e-02 6.537530e-03
"37" "BCA" "FIBRE" 2.098467e-03 4.035513e-03 7.344633e-03 4.842615e-04 2.502018e-03 5.073446e-01 3.623890e-02 6.973366e-02 1.096045e-01 6.327684e-02 6.618241e-03 3.446328e-02 2.380952e-02 5.940274e-02 2.179177e-03 5.569007e-03 3.163842e-02 4.116223e-03 3.631961e-03 9.362389e-03 1.654560e-02
"38" "BCA" "FIBRE" 7.263923e-04 3.470541e-03 1.817595e-01 4.842615e-04 7.885391e-02 1.372074e-03 1.129943e-03 1.840194e-02 3.744956e-02 2.542373e-02 8.071025e-04 6.214689e-03 2.380952e-02 1.704600e-01 8.071025e-04 1.937046e-03 3.641646e-01 1.549637e-02 5.851493e-02 2.340597e-03 6.376110e-03
"39" "BCA" "FIBRE" 7.263923e-04 7.909605e-03 8.611784e-02 3.551251e-02 5.899919e-02 4.600484e-03 8.393866e-03 2.453592e-02 3.688458e-02 1.141243e-01 7.021792e-03 1.251009e-02 6.529459e-02 1.134786e-01 3.631961e-03 9.685230e-03 3.435835e-01 1.638418e-02 1.945117e-02 1.460856e-02 1.654560e-02
"40" "BCA" "FIBRE" 1.614205e-04 1.743341e-02 4.390638e-02 2.421308e-03 4.108152e-02 2.421308e-03 1.937046e-03 3.591606e-02 1.125908e-01 1.838580e-01 2.421308e-03 1.670702e-02 6.908797e-02 2.609362e-01 1.614205e-03 1.727199e-02 1.621469e-01 3.793382e-03 3.228410e-03 4.277643e-03 1.678773e-02
"41" "BCA" "FIBRE" 3.228410e-04 6.618241e-03 1.079903e-01 1.311542e-01 9.564165e-02 8.716707e-03 9.685230e-04 6.852300e-02 4.705408e-02 1.233253e-01 5.165456e-03 1.057304e-02 3.518967e-02 1.951574e-01 5.649717e-04 2.138822e-02 6.020985e-02 3.333333e-02 2.033898e-02 1.775626e-03 2.598870e-02
"42" "BCA" "FIBRE" 7.263923e-04 9.604520e-03 6.004843e-02 1.380145e-02 3.567393e-02 6.295400e-03 1.218725e-02 8.192090e-02 8.410008e-02 1.955609e-01 1.969330e-02 4.398709e-02 6.634383e-02 6.924939e-02 8.878128e-04 2.356739e-02 2.149314e-01 2.421308e-03 1.735270e-02 1.347861e-02 2.816788e-02
"43" "BCA" "FIBRE" 3.228410e-04 3.228410e-03 1.711057e-02 1.000000e-07 5.649718e-03 3.954802e-02 4.342211e-02 5.641646e-02 8.595642e-02 5.835351e-02 9.685230e-04 5.004036e-02 2.114609e-02 3.922518e-02 4.035512e-04 3.309120e-03 4.493140e-01 7.748184e-03 1.275222e-02 8.652139e-02 1.856326e-02
"44" "BCA" "FIBRE" 4.035512e-04 5.569007e-03 1.583535e-01 8.313156e-03 6.739306e-02 1.622276e-02 1.993543e-02 3.631961e-02 4.891041e-02 1.267151e-01 6.133979e-03 1.121872e-02 4.285714e-02 8.054883e-02 8.071025e-05 1.170299e-02 1.660210e-01 2.372881e-02 1.151735e-01 3.486683e-02 1.953188e-02
"24" "BCA" "WASHOUT" 2.179177e-03 4.374496e-02 3.389831e-03 1.614205e-04 3.793382e-03 9.523810e-03 1.670702e-02 4.519774e-03 1.737692e-01 1.058918e-01 7.449556e-02 1.746570e-01 7.586764e-03 9.523810e-03 5.891848e-02 1.436642e-02 2.065375e-01 2.905569e-03 1.291364e-03 3.680387e-02 4.923325e-02
"25" "BCA" "WASHOUT" 9.685230e-04 3.833737e-02 6.142050e-02 4.035512e-04 5.141243e-02 5.084746e-03 6.376110e-03 2.502018e-03 3.546408e-01 1.575464e-01 2.695722e-02 1.476998e-02 3.301049e-02 1.154157e-02 1.105730e-02 5.569007e-03 9.338176e-02 1.000807e-02 3.268765e-02 3.583535e-02 4.648910e-02
"26" "BCA" "WASHOUT" 3.228410e-04 4.463277e-02 7.320420e-02 1.000000e-07 1.226796e-02 1.614205e-04 8.071025e-04 9.685230e-04 1.721550e-01 2.070218e-01 2.243745e-02 5.480226e-02 1.824052e-02 7.990315e-03 6.456820e-04 1.210654e-03 2.600484e-01 5.811138e-03 8.555287e-03 9.556094e-02 1.315567e-02
"27" "BCA" "WASHOUT" 1.452785e-03 1.606134e-02 2.986279e-03 5.649717e-04 1.291364e-03 2.905569e-03 1.452785e-03 1.694915e-03 1.293785e-01 7.619048e-02 2.800646e-02 5.819209e-02 8.797417e-03 7.102502e-03 1.807910e-02 4.116223e-02 5.299435e-01 2.300242e-02 1.856336e-03 4.035513e-02 9.523809e-03
"28" "BCA" "WASHOUT" 3.793382e-03 4.608555e-02 1.007264e-01 8.071025e-05 2.300242e-02 1.937046e-03 8.071025e-04 2.340597e-03 1.282486e-01 1.930589e-01 2.364810e-02 9.701372e-02 1.242938e-02 1.767554e-02 8.958838e-02 3.599677e-02 1.485069e-01 1.267151e-02 2.413236e-02 1.961259e-02 1.864407e-02
"29" "BCA" "WASHOUT" 8.071025e-05 2.138822e-02 2.791768e-01 8.071025e-05 4.745763e-02 1.614205e-04 3.228410e-04 7.263923e-04 3.034705e-02 9.790153e-02 2.502018e-03 1.041162e-02 1.202583e-02 1.937046e-02 4.035512e-04 8.878128e-04 2.615819e-01 2.518160e-02 4.277643e-02 1.303471e-01 1.686844e-02
"30" "BCA" "WASHOUT" 1.291364e-03 3.018563e-02 1.840194e-02 4.035512e-04 6.553672e-02 2.098467e-03 9.039548e-03 3.066990e-03 2.461663e-01 1.068604e-01 3.228410e-02 7.425343e-02 6.537530e-03 2.251816e-02 3.462470e-02 2.259887e-02 2.634383e-01 6.537530e-03 1.614205e-03 2.429379e-02 2.824859e-02
"31" "BCA" "WASHOUT" 1.372074e-03 1.267151e-02 1.444713e-02 3.228410e-04 9.927361e-03 2.259887e-03 7.263923e-03 2.824859e-03 2.079903e-01 1.402744e-01 1.000807e-02 1.810331e-01 5.972559e-03 7.506053e-03 1.445521e-01 3.389831e-03 2.084746e-01 3.551251e-03 1.291364e-03 1.210654e-02 2.276029e-02
"32" "BCA" "WASHOUT" 2.663438e-03 4.552058e-02 1.565779e-02 8.071025e-05 5.488297e-03 1.210654e-03 6.698951e-03 2.340597e-03 3.404358e-01 8.773204e-02 6.214689e-03 2.302663e-01 9.443099e-03 4.035513e-03 4.592413e-02 4.761905e-02 6.594027e-02 4.761905e-03 7.183212e-03 5.100888e-02 1.977401e-02
"33" "BCA" "WASHOUT" 7.263923e-04 3.866021e-02 1.324455e-01 7.263923e-04 1.020985e-01 3.228410e-04 1.291364e-03 2.017756e-03 1.731235e-01 1.301856e-01 1.251009e-02 2.397094e-02 1.557708e-02 2.163035e-02 7.506053e-03 3.954802e-03 2.213075e-01 9.685230e-03 7.506053e-03 7.764326e-02 1.711057e-02
"34" "BCA" "WASHOUT" 8.878128e-04 1.380145e-02 3.317191e-02 8.071025e-05 4.455206e-02 2.259887e-03 8.232446e-03 2.340597e-03 1.034705e-01 4.463277e-02 2.857143e-02 9.394673e-02 4.842615e-03 3.478612e-02 6.432607e-02 1.662631e-02 4.443906e-01 1.557708e-02 1.452785e-03 2.203390e-02 2.001614e-02
"35" "BCA" "WASHOUT" 9.685230e-04 1.856336e-02 5.246166e-03 4.035512e-04 3.898305e-02 1.775626e-03 1.694915e-03 1.533495e-03 1.260694e-01 7.909605e-02 1.977401e-02 1.248588e-01 5.891848e-03 1.735270e-02 1.202583e-01 9.039548e-03 3.810331e-01 2.986279e-03 1.775626e-03 3.171913e-02 1.097659e-02
"36" "BCA" "WASHOUT" 8.878128e-04 8.393866e-03 1.195319e-01 7.263923e-04 8.224374e-02 2.824859e-03 3.712672e-03 1.372074e-03 1.579500e-01 2.897498e-02 8.474576e-03 1.041162e-01 2.986279e-03 4.124294e-02 7.312349e-02 5.488297e-03 2.861985e-01 2.889427e-02 1.218725e-02 1.961259e-02 1.105730e-02
"37" "BCA" "WASHOUT" 3.874092e-03 2.187248e-02 5.044391e-02 7.263923e-04 6.077482e-02 2.663438e-03 1.049233e-03 2.259887e-03 2.246973e-01 1.138822e-01 1.565779e-02 8.845843e-02 1.775626e-02 8.192090e-02 7.457627e-02 5.488297e-03 1.781275e-01 1.162228e-02 1.194512e-02 3.712672e-03 2.849072e-02
"38" "BCA" "WASHOUT" 6.456820e-04 2.986279e-03 4.180791e-02 2.421307e-04 1.307506e-02 9.685230e-04 1.291364e-03 1.049233e-03 2.553672e-01 8.797417e-03 1.937046e-03 1.996772e-01 1.856336e-03 1.630347e-02 1.046812e-01 1.694915e-03 2.983858e-01 3.179984e-02 1.210654e-03 1.065375e-02 5.569007e-03
"39" "BCA" "WASHOUT" 1.372074e-03 3.462470e-02 1.238095e-01 7.263923e-04 9.693301e-02 1.775626e-03 1.129943e-03 3.470541e-03 9.548023e-02 1.324455e-01 1.089588e-02 1.364003e-02 1.533495e-02 5.189669e-02 1.129943e-03 8.151735e-03 2.806295e-01 2.873285e-02 7.506053e-03 6.965295e-02 2.066182e-02
"40" "BCA" "WASHOUT" 5.649717e-04 2.090395e-02 1.646489e-02 1.000000e-07 1.251009e-02 1.129943e-03 1.533495e-03 1.775626e-03 1.354318e-01 1.193705e-01 3.309120e-03 8.587571e-02 3.631961e-03 2.332526e-02 7.804681e-02 7.667474e-03 4.181598e-01 3.470541e-03 5.569007e-03 5.189669e-02 9.362289e-03
"41" "BCA" "WASHOUT" 9.685230e-04 7.481840e-02 1.815981e-02 3.228410e-04 3.147700e-02 1.291364e-03 7.263923e-04 2.421308e-03 2.891848e-01 2.041162e-01 3.405973e-02 2.066182e-02 1.815981e-02 8.159806e-02 1.694915e-03 5.246166e-03 1.232446e-01 1.646489e-02 6.779661e-03 5.488297e-02 1.372074e-02
"42" "BCA" "WASHOUT" 3.228410e-04 1.694915e-02 4.689266e-02 1.614205e-04 6.142050e-02 3.228410e-04 7.263923e-04 1.533495e-03 1.560129e-01 1.910412e-01 1.315577e-02 1.912833e-02 1.323648e-02 1.412429e-02 1.452785e-03 7.748184e-03 2.843422e-01 2.017756e-03 1.937046e-03 1.437450e-01 2.372881e-02
"43" "BCA" "WASHOUT" 4.842615e-04 4.527845e-02 1.832123e-02 4.035512e-04 1.049233e-03 4.842615e-04 8.878128e-04 1.049233e-03 3.117030e-01 1.054883e-01 8.313156e-03 1.618241e-01 2.098467e-02 3.389831e-03 8.797417e-03 6.852300e-02 1.000807e-01 3.066990e-03 1.186441e-02 9.104116e-02 3.696529e-02
"44" "BCA" "WASHOUT" 8.071025e-04 5.496368e-02 2.421308e-03 2.421307e-04 9.523810e-03 1.129943e-03 1.210654e-03 6.456820e-04 2.825666e-01 2.334948e-01 4.430993e-02 8.410008e-02 8.151735e-03 2.187248e-02 3.171913e-02 2.978208e-02 1.394673e-01 1.129943e-03 9.685230e-04 3.212268e-02 1.937046e-02
"24" "BCA" "HYPO" 1.452785e-03 3.938660e-02 6.941082e-03 1.614205e-04 5.786925e-02 2.421308e-03 1.694915e-03 1.234867e-02 1.669088e-01 2.608555e-01 3.785311e-02 1.977401e-02 2.461663e-02 1.349475e-01 1.614205e-03 7.909605e-03 1.715093e-01 6.618241e-03 8.393866e-03 1.493140e-02 2.179177e-02
"25" "BCA" "HYPO" 1.049233e-03 3.268765e-02 2.308313e-02 2.421307e-04 2.679580e-02 1.856336e-03 1.856336e-03 1.073446e-02 1.881356e-01 1.865214e-01 1.016142e-01 1.339790e-02 8.950767e-02 1.029863e-01 7.263923e-04 6.860371e-03 1.435028e-01 9.443099e-03 6.295400e-03 2.421308e-03 5.028249e-02
"26" "BCA" "HYPO" 7.263923e-04 2.098467e-02 8.627926e-02 7.263923e-04 8.974980e-02 1.856336e-03 1.452785e-03 1.856336e-03 7.909605e-02 1.892655e-01 3.962873e-02 6.133979e-03 8.159806e-02 1.227603e-01 8.071025e-04 8.151735e-03 1.987893e-01 2.203390e-02 1.138015e-02 1.937046e-03 3.478612e-02
"27" "BCA" "HYPO" 1.049233e-03 8.313156e-03 1.062954e-01 2.340597e-03 1.678773e-01 1.694915e-03 4.035512e-04 8.232446e-03 8.071025e-02 1.477805e-01 2.461663e-02 5.730428e-03 4.673123e-02 9.612591e-02 5.649717e-04 3.389831e-03 2.082324e-01 2.534302e-02 3.042776e-02 6.779661e-03 2.736077e-02
"28" "BCA" "HYPO" 4.842615e-04 1.961259e-02 5.633575e-02 4.842615e-04 9.225182e-02 2.663438e-03 8.071025e-04 2.905569e-03 1.510896e-01 2.531881e-01 2.800646e-02 1.234867e-02 6.101695e-02 1.447942e-01 7.263923e-04 5.326877e-03 1.349475e-01 4.519774e-03 5.084746e-03 3.389831e-03 2.001614e-02
"29" "BCA" "HYPO" 3.309120e-03 1.937046e-02 4.842615e-03 6.456820e-04 1.937046e-02 4.842615e-03 1.288943e-01 5.246166e-02 1.589992e-01 2.215496e-01 3.656174e-02 2.405165e-02 2.340597e-02 2.032284e-01 1.049233e-03 1.105730e-02 5.609362e-02 3.309120e-03 4.358354e-03 1.041162e-02 1.218725e-02
"30" "BCA" "HYPO" 4.519774e-03 2.025827e-02 3.309120e-03 1.614205e-04 3.712672e-03 7.909605e-03 5.593220e-02 3.551251e-03 1.890234e-01 3.499596e-01 6.456820e-03 1.799839e-02 1.049233e-02 6.255044e-02 1.129943e-03 6.295400e-03 2.226796e-01 3.309120e-03 7.263923e-04 1.622276e-02 1.380145e-02
"31" "BCA" "HYPO" 9.031477e-02 1.598063e-02 1.985472e-02 1.049233e-03 1.896691e-02 1.686844e-02 6.755448e-02 4.891041e-02 1.343826e-01 1.464084e-01 5.092817e-02 2.703793e-02 5.318805e-02 9.620662e-02 5.649717e-04 2.082324e-02 1.457627e-01 1.267151e-02 2.017756e-03 1.767554e-02 1.283293e-02
"32" "BCA" "HYPO" 1.323648e-02 3.115416e-02 1.044391e-01 2.017756e-03 1.080710e-01 2.050040e-02 1.210654e-03 7.183212e-03 1.219532e-01 1.635190e-01 1.242938e-02 1.598063e-02 6.924939e-02 6.795803e-02 1.533495e-03 4.761905e-03 1.639225e-01 1.670702e-02 2.429379e-02 2.461663e-02 2.526231e-02
"33" "BCA" "HYPO" 4.019370e-02 1.920904e-02 1.694915e-03 1.000000e-07 2.582728e-03 6.400323e-02 1.810331e-01 5.343019e-02 1.342211e-01 1.288943e-01 2.082324e-02 3.107345e-02 5.488297e-03 1.815981e-01 1.614205e-03 1.234867e-02 6.892655e-02 7.748184e-03 1.129943e-03 3.688458e-02 7.102402e-03
"34" "BCA" "HYPO" 1.854722e-01 5.326877e-03 2.098467e-03 4.035512e-04 1.533495e-03 8.305085e-02 1.606134e-02 6.150121e-02 1.055690e-01 6.359968e-02 5.569007e-03 2.316384e-02 4.923325e-03 1.033091e-02 1.533495e-03 2.598870e-02 3.372881e-01 3.882163e-02 9.685230e-04 2.009685e-02 6.698951e-03
"35" "BCA" "HYPO" 3.712672e-03 3.123487e-02 5.972559e-03 8.071025e-04 2.849072e-02 4.681195e-03 2.663438e-03 1.523002e-01 2.160613e-01 2.674738e-01 3.527038e-02 3.228410e-02 4.487490e-02 7.320420e-02 2.259887e-03 1.711057e-02 6.384181e-02 1.775626e-03 1.129943e-03 1.372074e-03 1.347861e-02
"36" "BCA" "HYPO" 3.228410e-03 4.067797e-02 3.397902e-02 7.263923e-04 1.107345e-01 1.775626e-03 1.937046e-03 3.599677e-02 1.518967e-01 2.018563e-01 5.907990e-02 1.630347e-02 6.513317e-02 5.883777e-02 1.291364e-03 1.541566e-02 1.524617e-01 2.163035e-02 3.954802e-03 1.856336e-03 2.122680e-02
"37" "BCA" "HYPO" 1.210654e-03 1.178370e-02 4.689266e-02 1.856336e-03 1.611784e-01 2.824859e-03 2.041969e-02 1.355932e-02 8.845843e-02 1.521388e-01 3.607748e-02 1.016949e-02 8.587571e-02 1.771590e-01 1.129943e-03 4.116223e-03 1.176755e-01 9.685230e-03 3.155771e-02 4.519774e-03 2.171106e-02
"38" "BCA" "HYPO" 1.426150e-01 8.555287e-03 2.017756e-03 8.071025e-05 3.551251e-03 9.604520e-02 1.396287e-02 1.072639e-01 1.135593e-01 1.345440e-01 2.421308e-03 4.100081e-02 1.299435e-02 4.358354e-02 1.129943e-03 4.826473e-02 1.079096e-01 8.280872e-02 1.452785e-03 2.356739e-02 1.267151e-02
"39" "BCA" "HYPO" 3.470541e-03 1.283293e-02 9.031477e-02 1.372074e-03 1.088781e-01 8.071025e-04 1.129943e-03 2.195319e-02 1.246166e-01 1.410008e-01 2.502018e-02 1.000807e-02 6.860371e-02 7.643261e-02 8.071025e-04 8.151735e-03 1.992736e-01 2.437450e-02 2.905569e-03 5.496368e-02 2.308313e-02
"40" "BCA" "HYPO" 3.712672e-03 3.026634e-02 1.121872e-02 2.421307e-04 6.327684e-02 1.452785e-03 1.115416e-01 3.777240e-02 1.715900e-01 1.807910e-01 5.754641e-02 1.985472e-02 2.937853e-02 1.127522e-01 3.228410e-04 8.878128e-03 1.207425e-01 4.116223e-03 1.049233e-03 1.670702e-02 1.678773e-02
"41" "BCA" "HYPO" 3.882163e-02 6.456820e-03 1.210654e-03 8.071025e-05 1.937046e-03 3.712672e-03 1.670702e-02 4.067797e-02 2.194512e-01 7.683616e-02 4.035513e-03 2.582728e-02 4.196933e-03 4.148507e-02 4.035512e-04 9.685230e-03 2.879742e-01 2.518160e-02 5.649718e-03 1.834544e-01 6.214689e-03
"42" "BCA" "HYPO" 7.263923e-04 2.752220e-02 2.566586e-02 7.263923e-04 1.042776e-01 1.372074e-03 1.735270e-02 4.842615e-03 1.665052e-01 2.196933e-01 4.753834e-02 1.355932e-02 6.158192e-02 9.652946e-02 8.071025e-05 6.860371e-03 1.534302e-01 5.891848e-03 1.856336e-03 1.525424e-02 2.873285e-02
"43" "BCA" "HYPO" 9.677159e-02 1.138015e-02 2.179177e-03 3.228410e-04 6.456820e-03 1.258273e-01 6.707022e-02 4.366425e-02 1.112994e-01 1.328491e-01 1.912833e-02 1.920904e-02 9.039548e-03 3.898305e-02 2.421307e-04 4.188862e-02 2.039548e-01 2.623083e-02 7.263923e-04 3.575464e-02 7.021792e-03
"44" "BCA" "HYPO" 2.421307e-04 8.878128e-03 8.765133e-02 1.000000e-07 1.203390e-01 8.071025e-05 8.878128e-04 2.017756e-03 1.214689e-01 1.740113e-01 2.679580e-02 1.089588e-02 2.082324e-02 8.337369e-02 1.694915e-03 4.761905e-03 2.594027e-01 3.268765e-02 7.506053e-03 2.477805e-02 1.170289e-02
